origin: 0001101100
encodeori: 000 000 000 111 110 010 100 110 010 011 
PSKmaker: 111 111 111 -1-1-1 -1-11 1-11 -111 -1-11 1-11 1-1-1 
send 3 0.81 0.21   1.3 0.41 1.9   -1.3 0.39 0.08   -1.4 -1.8 1.2   -1.8 -2.8 -0.34   0.93 -2 3.5   -0.72 1.2 1.4   -1.9 -1.4 0.52   -0.01 -1.2 -0.29   0.22 0.22 -1.8   
demodule: 000 000 100 110 111 010 100 110 111 001 
recover: 0011101111

origin: 1011101101
encodeori: 111 001 100 110 101 010 100 110 010 100 
PSKmaker: -1-1-1 11-1 -111 -1-11 -11-1 1-11 -111 -1-11 1-11 -111 
send -0.78 -0.56 0.71   0.5 -0.82 0.43   -1.8 1.5 2.5   -1.9 0.14 0.72   -0.96 0.024 -0.96   -0.17 -0.9 0.69   0.81 1 1.3   0.0068 -3.1 -0.48   0.46 0.41 0.5   -0.38 2.1 1.1   
demodule: 110 010 100 100 101 110 000 011 000 100 
recover: 1101010000

origin: 0000000010
encodeori: 000 000 000 000 000 000 000 000 111 001 
PSKmaker: 111 111 111 111 111 111 111 111 -1-1-1 11-1 
send 0.31 1.2 -1.8   3 3 2.1   0.76 1.3 -1.6   0.64 0.44 1.5   0.49 0.88 0.61   1.1 0.72 0.23   0.29 0.31 0.81   2.6 -0.73 0.83   -1.1 -1.2 0.014   1.2 1.7 1.5   
demodule: 001 000 001 000 000 000 000 010 110 000 
recover: 0000000000

origin: 0101010011
encodeori: 000 111 001 100 001 100 001 011 111 110 
PSKmaker: 111 -1-1-1 11-1 -111 11-1 -111 11-1 1-1-1 -1-1-1 -1-11 
send 1.5 -0.28 -0.17   0.13 -0.18 -0.96   0.94 0.88 -1.2   -0.73 0.83 -0.27   2 0.67 -1.8   -1.6 0.9 0.64   2.2 0.92 0.83   0.99 -1.6 -0.77   -1.1 -1.8 0.0072   -0.8 -0.73 -0.19   
demodule: 011 011 001 101 001 100 000 011 110 111 
recover: 0101010001

origin: 0011101101
encodeori: 000 000 111 110 101 010 100 110 010 100 
PSKmaker: 111 111 -1-1-1 -1-11 -11-1 1-11 -111 -1-11 1-11 -111 
send 0.69 -0.2 1.5   0.8 -1.5 1.7   0.6 -2.1 0.62   -1.1 -1.6 1.4   -0.77 0.94 -0.31   2.3 -1.5 0.88   -1.5 3 2.9   -1.9 -0.99 1.2   3.4 -1.7 -0.14   0.42 0.17 -0.082   
demodule: 010 010 010 110 101 010 100 110 011 001 
recover: 0011101100

origin: 0100100101
encodeori: 000 111 001 011 111 001 011 111 001 100 
PSKmaker: 111 -1-1-1 11-1 1-1-1 -1-1-1 11-1 1-1-1 -1-1-1 11-1 -111 
send 1.5 1.4 -0.5   -0.58 -1.8 -1.8   0.91 2.3 -0.59   -1.4 0.02 -0.5   -0.66 -1.1 -1.8   0.098 2.8 -1.9   -0.6 -0.27 -1.1   -1.1 -0.42 -2.3   1.1 0.45 -1.1   -2.3 -0.88 -0.45   
demodule: 001 111 001 101 111 001 111 111 001 111 
recover: 0100100100

origin: 1000001100
encodeori: 111 001 011 000 000 000 111 110 010 011 
PSKmaker: -1-1-1 11-1 1-1-1 111 111 111 -1-1-1 -1-11 1-11 1-1-1 
send -1.3 -2.2 -0.51   2 -0.39 1.6   -0.1 0.14 -0.84   0.23 1.7 1.8   -1.2 2.2 0.99   0.87 1.7 0.78   -2.4 -0.91 -0.71   -0.57 -1.5 1   0.48 -2.2 -0.21   1.8 -1.7 -2.1   
demodule: 111 010 101 000 100 000 111 110 011 011 
recover: 1110001100

origin: 0101111101
encodeori: 000 111 001 100 110 101 101 101 010 100 
PSKmaker: 111 -1-1-1 11-1 -111 -1-11 -11-1 -11-1 -11-1 1-11 -111 
send 1 0.81 -1.3   -1.2 0.57 -2   2.3 -0.008 0.43   -0.12 0.11 0.08   -0.046 -1 2.3   -2.4 1.2 0.43   -0.7 0.61 -0.85   -1.7 1.6 0.075   0.76 0.56 0.97   0.14 2.2 1.3   
demodule: 001 101 010 100 110 100 101 100 000 000 
recover: 0111010101

origin: 1111000011
encodeori: 111 110 101 101 010 011 000 000 111 110 
PSKmaker: -1-1-1 -1-11 -11-1 -11-1 1-11 1-1-1 111 111 -1-1-1 -1-11 
send -0.34 -0.31 -0.69   -1.7 -2.7 2.1   0.27 2.7 -1.1   -2.9 1.4 -0.74   4 -0.44 0.45   2.6 -2.4 -0.62   -1.6 0.55 -0.74   0.88 0.77 2.3   -0.99 0.49 0.61   1.1 -1.7 2.6   
demodule: 111 110 001 101 010 011 101 000 100 010 
recover: 1111001011

origin: 0100010111
encodeori: 000 111 001 011 000 111 001 100 110 101 
PSKmaker: 111 -1-1-1 11-1 1-1-1 111 -1-1-1 11-1 -111 -1-11 -11-1 
send -0.24 -1.5 -0.04   -0.38 0.014 0.31   1.5 0.38 -0.73   0.28 -0.054 -2.6   2.2 -0.44 2.4   -1.7 -1.4 -1.9   0.82 0.56 -0.24   -0.96 0.41 0.04   -1.5 -2.2 -0.09   -1.6 1.3 0.23   
demodule: 111 100 001 011 010 111 001 100 111 100 
recover: 1100010101

origin: 0111110110
encodeori: 000 111 110 101 101 101 010 100 110 010 
PSKmaker: 111 -1-1-1 -1-11 -11-1 -11-1 -11-1 1-11 -111 -1-11 1-11 
send 1.3 0.097 0.36   -1.6 -1.2 0.19   -1.1 -3.5 2.7   0.36 1.6 -1.5   0.48 1.4 -2.4   1.2 1.3 0.053   1.7 0.69 1.5   -0.74 2 -0.38   -2.4 -1.2 1.5   2.6 0.13 2.6   
demodule: 000 110 110 001 001 000 000 101 110 000 
recover: 0010000110

origin: 1001011100
encodeori: 111 001 011 111 001 100 110 101 010 011 
PSKmaker: -1-1-1 11-1 1-1-1 -1-1-1 11-1 -111 -1-11 -11-1 1-11 1-1-1 
send -1.4 0.74 0.85   1.3 0.4 0.37   1.4 -0.32 -0.7   -0.57 -0.7 -1.9   -0.53 1.7 -1.8   -1.2 2 0.44   -1.1 -1.1 0.45   -0.46 0.92 -1.3   0.7 -0.77 -0.53   1.7 0.98 -0.00077   
demodule: 100 000 011 111 101 100 110 101 011 001 
recover: 0001011100

origin: 0000010111
encodeori: 000 000 000 000 000 111 001 100 110 101 
PSKmaker: 111 111 111 111 111 -1-1-1 11-1 -111 -1-11 -11-1 
send -0.035 -0.38 1.7   -0.3 0.23 0.69   -0.079 1.4 1.9   -0.14 0.76 1   1.7 -0.21 0.31   -0.84 1 -0.15   0.74 2 0.32   -0.43 -0.61 1.5   0.016 -3.4 0.76   -1.6 0.22 -0.53   
demodule: 110 100 100 100 010 101 000 110 010 101 
recover: 1111000111

origin: 0111101010
encodeori: 000 111 110 101 101 010 100 001 100 001 
PSKmaker: 111 -1-1-1 -1-11 -11-1 -11-1 1-11 -111 11-1 -111 11-1 
send 1.3 1.9 0.68   -0.48 -0.24 -3.2   -0.83 1.3 0.051   0.17 0.41 -0.57   -1.9 0.098 -2.4   -1.3 0.34 0.74   -1.4 1.7 2.5   0.34 1.3 -0.43   -1.1 -0.52 -1.7   2 0.87 -1.6   
demodule: 000 111 100 001 101 100 100 001 111 001 
recover: 0111101000

origin: 0110100100
encodeori: 000 111 110 010 100 001 011 111 001 011 
PSKmaker: 111 -1-1-1 -1-11 1-11 -111 11-1 1-1-1 -1-1-1 11-1 1-1-1 
send 0.34 2.9 2   -0.82 -2.4 -1.5   -0.6 -1.6 -0.7   1.4 -0.59 -0.14   -2.4 1.5 -0.53   2.7 2.5 -0.67   1.3 -0.044 -1.3   -0.046 -0.42 -1.3   1.2 1.5 -0.59   0.63 -1.1 -0.15   
demodule: 000 111 111 011 101 001 011 111 001 011 
recover: 0100100100

origin: 0111100110
encodeori: 000 111 110 101 101 010 011 111 110 010 
PSKmaker: 111 -1-1-1 -1-11 -11-1 -11-1 1-11 1-1-1 -1-1-1 -1-11 1-11 
send 0.97 -0.12 1.9   -0.96 -1.7 -0.12   -0.69 -1.1 1.8   0.011 -0.36 -1.4   0.56 2.5 -0.65   0.66 0.013 0.55   1.3 -2.2 0.22   -0.53 -1.1 0.069   -0.22 -1 -0.91   -0.014 -1 0.74   
demodule: 010 111 110 011 001 000 010 110 111 110 
recover: 0110000011

origin: 1001111111
encodeori: 111 001 011 111 110 101 101 101 101 101 
PSKmaker: -1-1-1 11-1 1-1-1 -1-1-1 -1-11 -11-1 -11-1 -11-1 -11-1 -11-1 
send -0.96 -1.4 -1.3   1.7 0.26 -2.6   0.89 1.7 -0.91   -2.5 -3.1 -0.69   -0.7 -1.6 0.28   -0.96 0.33 -1.4   -1.8 1.9 -1.8   -1.3 -0.59 -0.51   0.33 0.51 -0.043   -1.1 -0.55 0.19   
demodule: 111 001 001 111 110 101 101 111 001 110 
recover: 1001111110

origin: 0100110010
encodeori: 000 111 001 011 111 110 010 011 111 001 
PSKmaker: 111 -1-1-1 11-1 1-1-1 -1-1-1 -1-11 1-11 1-1-1 -1-1-1 11-1 
send 2.2 0.16 0.095   -1.3 -1.1 -2.7   0.067 1.3 -0.41   -0.38 -1.8 0.85   0.57 0.55 0.3   -1.5 0.63 -0.39   0.39 -0.42 1.9   0.84 -2.2 -0.46   -0.84 0.041 -1.6   0.77 0.76 -1.3   
demodule: 000 111 001 110 000 101 010 011 101 001 
recover: 0101110010

origin: 1000110010
encodeori: 111 001 011 000 111 110 010 011 111 001 
PSKmaker: -1-1-1 11-1 1-1-1 111 -1-1-1 -1-11 1-11 1-1-1 -1-1-1 11-1 
send -1.1 -0.052 -2.5   -0.091 -0.73 -0.61   5.1 1.2 -0.07   1.6 0.028 2.2   -0.61 0.18 -1   -0.62 -0.43 1.1   0.82 -0.83 1.8   2.1 -0.7 -0.29   0.35 -0.38 -1.3   -0.22 1.1 -0.85   
demodule: 111 111 001 000 101 110 010 011 011 101 
recover: 1110110010

origin: 0001001000
encodeori: 000 000 000 111 001 011 111 001 011 000 
PSKmaker: 111 111 111 -1-1-1 11-1 1-1-1 -1-1-1 11-1 1-1-1 111 
send 0.78 1.7 -0.058   -0.081 0.8 1.5   -0.22 1.7 -0.25   1.6 -2.2 -3.1   2.5 3 -2.7   0.5 0.81 -0.97   -1.7 -0.59 -2.2   2.5 0.47 -0.83   1.2 -1.9 -3   0.55 1.4 1.5   
demodule: 001 100 101 011 001 001 111 001 011 000 
recover: 0100001000

origin: 1110010111
encodeori: 111 110 101 010 011 111 001 100 110 101 
PSKmaker: -1-1-1 -1-11 -11-1 1-11 1-1-1 -1-1-1 11-1 -111 -1-11 -11-1 
send -1.2 0.68 0.82   -2.2 -1.1 -0.37   -1.2 -0.32 -2.1   1.4 -2 0.47   1.6 -1.4 -2.5   -1 -3 -1.1   1.2 -0.95 -0.89   -1.8 0.43 2.3   -0.13 -0.83 0.32   -1.5 1.3 -1   
demodule: 100 111 111 010 011 111 011 100 110 101 
recover: 0110010111

origin: 1001001100
encodeori: 111 001 011 111 001 011 111 110 010 011 
PSKmaker: -1-1-1 11-1 1-1-1 -1-1-1 11-1 1-1-1 -1-1-1 -1-11 1-11 1-1-1 
send -0.85 -0.51 -1.7   0.99 0.62 -2.2   -0.41 -1.6 -2   -1.2 -0.19 -0.71   -0.051 2.2 -1.9   2.4 -0.46 -1.3   -1.3 -1.5 0.6   -2.4 -1.1 -0.053   1.5 -0.46 -1.2   2 -0.41 -3   
demodule: 111 001 111 111 101 011 110 111 011 011 
recover: 1001000100

origin: 1011100111
encodeori: 111 001 100 110 101 010 011 111 110 101 
PSKmaker: -1-1-1 11-1 -111 -1-11 -11-1 1-11 1-1-1 -1-1-1 -1-11 -11-1 
send -2.4 -2.2 -1.5   0.53 1.2 -3.3   -0.14 0.83 1.6   -0.67 -1.6 2.3   -0.71 -0.28 0.5   2.1 -0.73 1.6   -0.06 0.31 -0.98   -0.91 0.3 -0.55   -1.4 -1.4 2.1   -1.8 -0.7 -1.3   
demodule: 111 001 100 110 110 010 101 101 110 111 
recover: 1011101001

origin: 1001000011
encodeori: 111 001 011 111 001 011 000 000 111 110 
PSKmaker: -1-1-1 11-1 1-1-1 -1-1-1 11-1 1-1-1 111 111 -1-1-1 -1-11 
send -0.63 0.0087 -1.2   1.7 0.064 -1.2   0.22 -0.44 -1.6   0.57 -1.3 -1   1.8 1.1 -1.7   -0.39 -1.1 -1   -0.88 -0.0062 -0.072   1.8 1 0.36   -0.42 -2.3 0.71   -0.39 -0.52 0.33   
demodule: 101 001 011 011 001 111 111 000 110 110 
recover: 1001001011

origin: 0111110000
encodeori: 000 111 110 101 101 101 010 011 000 000 
PSKmaker: 111 -1-1-1 -1-11 -11-1 -11-1 -11-1 1-11 1-1-1 111 111 
send 1.7 1.2 1   -1.8 -1.3 -2.3   -1.8 -0.48 2.8   -1.3 -0.35 0.76   -2 0.036 -1   1.1 0.16 -0.28   0.7 0.36 0.97   -0.083 -2.2 0.25   0.93 2.4 2.9   0.41 1.8 0.49   
demodule: 000 111 110 110 101 001 000 110 000 000 
recover: 0110101101

origin: 0100111011
encodeori: 000 111 001 011 111 110 101 010 100 110 
PSKmaker: 111 -1-1-1 11-1 1-1-1 -1-1-1 -1-11 -11-1 1-11 -111 -1-11 
send 1.1 0.14 1.5   -2.5 -0.86 0.41   -0.29 0.81 -1.4   -0.35 -0.48 -1.5   -1.1 0.17 -1.4   -0.97 -0.8 0.44   -0.12 1.7 0.51   3.1 -0.55 0.11   -1.9 2.1 1.2   0.16 -0.24 -0.67   
demodule: 000 110 101 111 101 110 100 010 100 011 
recover: 0100111010

origin: 1011001010
encodeori: 111 001 100 110 010 011 111 001 100 001 
PSKmaker: -1-1-1 11-1 -111 -1-11 1-11 1-1-1 -1-1-1 11-1 -111 11-1 
send 0.27 -1.2 0.33   0.47 1.8 -3   -1.3 0.47 -0.6   -1.3 -2.3 0.99   0.95 -0.81 1.5   1.6 -1.3 -2.1   -2.4 -1.3 -2.3   1.9 -0.098 -0.54   -0.054 0.93 1.9   1.5 1.7 -0.9   
demodule: 010 001 101 110 010 011 111 011 100 001 
recover: 0011001010

origin: 0101010000
encodeori: 000 111 001 100 001 100 001 011 000 000 
PSKmaker: 111 -1-1-1 11-1 -111 11-1 -111 11-1 1-1-1 111 111 
send 1.9 1.7 0.56   -1.5 -2.2 -0.26   -0.54 -0.63 -0.26   -1.5 0.47 -0.48   0.33 1.6 -1.1   -2 0.83 1.8   1.6 0.5 -0.78   2.2 -1.1 -1.4   1.7 -0.071 0.94   2.3 0.89 0.72   
demodule: 000 111 111 101 001 100 001 011 010 000 
recover: 0111010000

origin: 1111101110
encodeori: 111 110 101 101 101 010 100 110 101 010 
PSKmaker: -1-1-1 -1-11 -11-1 -11-1 -11-1 1-11 -111 -1-11 -11-1 1-11 
send -0.93 -1.5 -2.4   -0.97 -1.5 1.9   -1.7 -0.28 -1.3   -1.4 0.7 -1.2   -1.9 -0.56 0.27   0.13 -1.8 3.1   -1.7 1.1 2.1   -0.59 -1.6 1.4   -0.047 -0.13 -2.3   1.8 -0.64 1.4   
demodule: 111 110 111 101 110 010 100 110 111 010 
recover: 1101101110

origin: 0001101111
encodeori: 000 000 000 111 110 010 100 110 101 101 
PSKmaker: 111 111 111 -1-1-1 -1-11 1-11 -111 -1-11 -11-1 -11-1 
send 2.3 2 2.2   0.96 0.6 -0.16   1.3 0.22 1   -0.57 -2.3 2   -1.4 -0.04 0.86   2.2 -1.1 -0.84   -1 -0.026 0.36   -0.92 -3.4 1.9   -1.8 -1.4 -1.6   0.21 1.4 0.73   
demodule: 000 001 000 110 110 011 110 110 111 000 
recover: 0001101110

origin: 0100110110
encodeori: 000 111 001 011 111 110 010 100 110 010 
PSKmaker: 111 -1-1-1 11-1 1-1-1 -1-1-1 -1-11 1-11 -111 -1-11 1-11 
send 0.4 0.76 -1.3   -0.54 0.23 -1.4   2 1.7 -0.035   1.9 -1.6 -0.9   -1.1 -2.6 -0.3   -2.5 -0.94 1.9   1.7 0.17 0.8   0.023 -0.98 1.1   -1.7 0.74 -1.5   0.66 -0.15 2.1   
demodule: 001 101 001 011 111 110 000 010 101 010 
recover: 0100111011

origin: 1100111100
encodeori: 111 110 010 011 111 110 101 101 010 011 
PSKmaker: -1-1-1 -1-11 1-11 1-1-1 -1-1-1 -1-11 -11-1 -11-1 1-11 1-1-1 
send -3.3 -0.27 -0.37   -1.5 -0.55 1.6   0.46 -1.7 -0.14   0.47 0.5 -1.2   -0.63 -0.52 -1.8   -0.85 -2.4 -0.19   -2.3 0.15 0.073   -1.3 -0.049 -0.84   1.3 0.25 1   -0.056 -0.16 0.4   
demodule: 111 110 011 001 111 111 100 111 000 110 
recover: 1100101101

origin: 0001101111
encodeori: 000 000 000 111 110 010 100 110 101 101 
PSKmaker: 111 111 111 -1-1-1 -1-11 1-11 -111 -1-11 -11-1 -11-1 
send 0.59 0.32 1.8   -0.00099 0.65 -0.1   1.8 0.92 1.2   -2.5 -0.0044 0.19   -0.092 -0.31 1.5   1.1 -2.2 0.67   -1.7 2.5 0.91   -1.5 -1.2 1.3   -2.1 2.5 -1.2   -0.77 0.38 -2.1   
demodule: 000 101 000 110 110 010 100 110 101 101 
recover: 0101101111

ÎóÂëÂÊÎª£º 0.033
